2171491
11676775
25910684
34644360
39359059
42990160
48200489
49998123
51962472
60202836
61550146
66279995
78134766
84020468
84471945
85983058
88433437
93216872
95236811
97966614
100401582
106188204
113175244
143045343
155910490
169036279
169629229
174110330
179936136
183681731
188879144
200015889
203158793
209323135
216082777
228808133
229610525
230420694
235255953
248029034
254241750
254958539
258885646
265130296
269123682
271091024
284570958
285031609
332495838
355877195
356706206
364552965
366467891
367906464
370417667
371438899
403988521
404910481
416822938
458232827
460074954
466859246
472871786
482132137
506411856
514729148
516697319
539559787
545149468
545553086
554956051
566542275
567218718
568387761
571446841
576504320
609510143
627993181
647097423
650394426
670284588
684660470
685529277
694501478
711316744
714333501
715541438
716096705
740538051
742644024
753286061
755853074
756407624
757538365
757778286
767271710
768413773
775340321
777696771
804885852
809390372
810397808
812593782
813940258
816424322
825791179
828467062
845056567
845290242
845688018
849921550
876674420
893596282
902782350
922803847
927162381
930338418
932263362
940565777
941377808
942098825
942552035
942600591
942760172
945232182
947638651
947942706
949115275
951092510
952591689
952998766
953794064
955063215
956144254
956361991
957030645
957160105
957719806
958115840
958333012
960395155
960967674
963804288
966153195
966161656
966253201
966270202
966438778
966840968
967065063
967852247
968995017
969589895
970832578
970864850
972041382
973852476
973952046
976162527
977018595
979665976
980820476
981241043
982319067
983505834
986391292
987071224
987469641
987797495
988677943
1000709160
1007174239
1009755402
1018017219
1020846431
1030555382
1040678603
1062095882
1067982364
1068953773
1073666088
1078237330
1087368334
1089345473
1091949873
1094364661
1096496204
1101558328
1109449052
1110731446
1123671310
1131150605
1148897813
1155617503
1167949137
1167960906
1175252647
1188308715
1188545316
1202912021
1209256556
1215599416
1229132502
1235050873
1237331785
1242900724
1249680113
1252457159
1253940047
1253987433
1259379538
1264610309
1269574956
1275765073
1290396436
1299368896
1303608878
1310075747
1314587806
1323357962
1335159117
1340742589
1352475373
1356656826
1357242748
1360634004
1365234752
1365599247
1372949746
1381781866
1383697873
1395842593
1404539041
1418839031
1429174528
1436257237
1445596509
1454761472
1460659036
1474284807
1478824720
1479004053
1480153874
1487302027
1493646214
1498457447
1503183245
1508021015
1508226821
1510099680
1512492624
1515516321
1515540250
1531129677
1539229014
1539241069
1551301317
1557135739
1557150137
1558551172
1558926505
1562015410
1566366124
1569571501
1569979412
1590922910
1596318875
1598018184
1601203250
1605616151
1608789194
1613094123
1614563843
1650943441
1658096019
1666452167
1680419745
1680986302
1689472722
1696709460
1703391450
1710353668
1714656634
1715983938
1722358957
1729735039
1731149644
1735945190
1740617176
1747269135
1749129666
1760139253
1775703340
1783942450
1786073635
1789242958
1791945193
1796590164
1797479286
1806899634
1806961348
1814241034
1820801619
1839045697
1839084561
1844213924
1846484854
1849423907
1850395281
1866694611
1868471583
1892298039
1900514309
1906922770
1907819116
1908401089
1909652212
1937036324
1941853517
1954022776
1978643702
1989864518
1996625881
1996814626
2005067927
2005247887
2010144759
2010928977
2012886983
2021926507
2024253694
2025243000
2034889902
2039683636
2044329815
2054584376
2057205944
2059548744
2071245036
2078874322
2082877258
2089089041
2106745176
2119964088
2121762450
2122113120
2123417262
2127522666
2128414469
2132275838
2152952307
2160052205
2161675034
2168595504
2169888456
2170854620
2175622413
2181647531
2185372795
2189670373
2212722632
2232402935
2243712584
2243809191
2248429069
2250393235
2255663407
2273070453
2277246742
2285576030
2333151252
2333918332
2334114643
2342775998
2357607761
2372793584
2373065773
2378920449
2382056326
2390903154
2393262169
2403405247
2404365416
2406152687
2412052533
2414544028
2449765559
2474993149
2477791979
2487372947
2493139213
2494585758
2496538809
2508838613
2510212309
2525970937
2567765863
2573790208
2574105784
2605473092
2606896241
2607991924
2642967109
2646349982
2652517076
2654123702
2655761404
2663648561
2669157757
2676445729
2688786690
2704229728
2709720631
2715562786
2715761813
2729483044
2755149826
2761692521
2766514015
2771503041
2775969402
2777740968
2782542739
2784149955
2803552622
2823775785
2830848714
2831873163
2833508370
2834117364
2844795026
2850135037
2861986852
2872827574
2878771728
2887875370
2903308807
2904670048
2910186089
2915924792
2923945805
2935008761
2941387081
2949635617
2956506174
2970914122
2972922588
2975623612
2994877720
2997862579
3006760607
3007844443
3012592422
3046250800
3046877131
3048655774
3049497462
3051072952
3052609330
3058392030
3072867135
3074301056
3076035957
3089703558
3089921502
3092379333
3108709017
3129793385
3146083302
3155298137
3160244357
3160790870
3167689978
3178928346
3183842364
3192977535
3193559368
3204439562
3209308484
3216424895
3224145194
3230480943
3233695264
3246077102
3257368612
3261342970
3262200423
3278274137
3285808426
3302628962
3328843259
3329644744
3331908209
3333264350
3342441000
3348714048
3357105663
3364744378
3393758646
3428677488
3445421175
3448397545
3453783556
3468774367
3473992632
3474470862
3476161065
3476813584
3484175405
3486802277
3488396327
3488421751
3500567118
3510308587
3515550705
3535896401
3539185956
3547995980
3559689162
3565431405
3565965990
3575589779
3578141157
3578423883
3579237061
3582085970
3585610469
3586374511
3590841126
3602037670
3604330700
3618822510
3621496032
3651961197
3652258630
3663101975
3684727519
3697919114
3717329046
3717490471
3723422658
3730428265
3743121575
3750150916
3754004101
3762159535
3766119093
3777401399
3781692354
3788279427
3811911119
3814963353
3835639061
3847114988
3848823085
3853438445
3853622625
3867877507
3872849088
3878582599
3893277691
3909651804
3956185490
3959153499
3962563505
3966795732
3967287156
3979688605
3981051834
3981496232
3991292758
3992051214
3993805846
4000396048
4018838173
4022386926
4027495691
4032029916
4049698502
4049969518
4055852605
4058651626
4068540854
4077671369
4077823784
4084519793
4111157368
4120635981
4124249009
4126581581
4127317310
4140360083
4151489036
4152108290
4153607546
4155942011
4161847129
4162119465
4165670398
4168765162
4172152514
4174744104
4178075089
4184253210
4184562594
4187466142
4187690538
4195007327
4206583488
4233708817
4239042505
4240783143
4249165516
4251238101
4251606752
4252385814
4258725711
4265216816
4287319598
4288429831
